0.000000, 0.000000, 0.000000, 0.000000, 0.000000, 0.000000
0.397587, 1.443206, 13.960485, 1.173303, 1.934973, 14.356000
1.173303, 1.934973, 14.356000, 2.057175, 2.402668, 14.361505
2.057175, 2.402668, 14.361505, 2.810442, 3.040304, 14.522778
2.810442, 3.040304, 14.522778, 3.053874, 4.010211, 14.527330
3.053874, 4.010211, 14.527330, 4.052395, 4.053494, 14.560241
0.397587, 1.443206, 13.960485, 1.263301, 0.946643, 14.023452
4.052395, 4.053494, 14.560241, 4.886648, 3.765186, 15.030241
4.052395, 4.053494, 14.560241, 4.462389, 4.960763, 14.653877
2.810442, 3.040304, 14.522778, 3.788347, 2.850259, 14.609865
4.462389, 4.960763, 14.653877, 4.692140, 5.849215, 15.051205
4.692140, 5.849215, 15.051205, 5.326623, 6.618981, 15.121142
5.326623, 6.618981, 15.121142, 5.434725, 7.401552, 15.734247
5.434725, 7.401552, 15.734247, 6.245012, 7.973563, 15.861679
4.052395, 4.053494, 14.560241, 4.831889, 3.800143, 15.133129
5.326623, 6.618981, 15.121142, 5.229363, 7.564741, 15.431108
5.229363, 7.564741, 15.431108, 4.490953, 8.194743, 15.671622
4.886648, 3.765186, 15.030241, 5.834263, 3.451514, 15.090539
3.053874, 4.010211, 14.527330, 2.627200, 4.837730, 14.892244
6.245012, 7.973563, 15.861679, 7.061030, 8.510828, 16.074894
4.052395, 4.053494, 14.560241, 4.880336, 3.560322, 14.827250
5.326623, 6.618981, 15.121142, 5.890168, 7.253201, 15.650466
4.052395, 4.053494, 14.560241, 4.574463, 3.447293, 15.160211
3.788347, 2.850259, 14.609865, 4.529977, 2.709101, 15.265655
7.061030, 8.510828, 16.074894, 7.964722, 8.593081, 16.495102
4.490953, 8.194743, 15.671622, 4.003569, 9.067810, 15.686158
5.834263, 3.451514, 15.090539, 6.393326, 2.636609, 15.243440
7.964722, 8.593081, 16.495102, 8.785236, 9.154155, 16.604427
8.785236, 9.154155, 16.604427, 9.086699, 9.958241, 17.116837
4.003569, 9.067810, 15.686158, 3.087584, 9.468901, 15.695985
6.393326, 2.636609, 15.243440, 7.133016, 2.325500, 15.840156
3.087584, 9.468901, 15.695985, 2.249218, 10.013424, 15.721261
1.263301, 0.946643, 14.023452, 2.003034, 1.095045, 14.679784
4.462389, 4.960763, 14.653877, 4.606710, 5.813693, 15.155558
4.462389, 4.960763, 14.653877, 5.383822, 5.348783, 14.673929
5.383822, 5.348783, 14.673929, 6.344775, 5.623111, 14.710164
9.086699, 9.958241, 17.116837, 8.927851, 10.943703, 17.177120
2.249218, 10.013424, 15.721261, 2.302283, 11.008853, 15.800669
8.785236, 9.154155, 16.604427, 9.764530, 9.317060, 16.724619
2.249218, 10.013424, 15.721261, 1.405325, 10.421783, 16.069237
6.344775, 5.623111, 14.710164, 7.323325, 5.501906, 14.876748
3.053874, 4.010211, 14.527330, 2.430775, 4.629479, 15.005090
2.627200, 4.837730, 14.892244, 2.044429, 5.557050, 15.270341
2.302283, 11.008853, 15.800669, 1.676073, 11.785156, 15.872873
4.052395, 4.053494, 14.560241, 4.342508, 3.306692, 15.158672
1.676073, 11.785156, 15.872873, 1.795789, 12.756561, 16.077909
7.323325, 5.501906, 14.876748, 8.043413, 6.146472, 15.133666
6.344775, 5.623111, 14.710164, 6.866167, 6.208982, 15.330573
4.490953, 8.194743, 15.671622, 3.533501, 7.910183, 15.719689
6.344775, 5.623111, 14.710164, 6.999128, 6.097569, 15.298986
2.249218, 10.013424, 15.721261, 1.724328, 9.214747, 16.015551
6.344775, 5.623111, 14.710164, 6.229477, 6.349504, 15.387704
9.764530, 9.317060, 16.724619, 10.409261, 10.079667, 16.777096
2.302283, 11.008853, 15.800669, 2.946830, 11.496848, 16.389242
7.133016, 2.325500, 15.840156, 8.075418, 1.991077, 15.846326
1.263301, 0.946643, 14.023452, 2.120387, 0.520230, 14.312546
8.043413, 6.146472, 15.133666, 8.355453, 6.853700, 15.768064
2.057175, 2.402668, 14.361505, 2.110193, 3.374827, 14.589747
4.462389, 4.960763, 14.653877, 4.233178, 5.648336, 15.342867
0.397587, 1.443206, 13.960485, 1.344248, 1.707801, 14.144398
1.344248, 1.707801, 14.144398, 1.833145, 2.384635, 14.694738
8.355453, 6.853700, 15.768064, 8.833378, 7.730547, 15.820295
7.323325, 5.501906, 14.876748, 8.276118, 5.302829, 15.105991
7.061030, 8.510828, 16.074894, 7.205043, 9.462232, 16.347090
8.043413, 6.146472, 15.133666, 8.200584, 7.122361, 15.285123
8.276118, 5.302829, 15.105991, 9.221226, 5.204525, 15.417613
2.044429, 5.557050, 15.270341, 1.216246, 6.103395, 15.395320
6.344775, 5.623111, 14.710164, 6.547616, 6.432875, 15.260744
8.200584, 7.122361, 15.285123, 8.101348, 7.998601, 15.756667
1.676073, 11.785156, 15.872873, 1.274487, 12.657943, 16.150311
4.462389, 4.960763, 14.653877, 4.198364, 5.716305, 15.253417
0.397587, 1.443206, 13.960485, 0.331090, 2.404088, 14.229342
8.200584, 7.122361, 15.285123, 8.115328, 7.999907, 15.756974
0.331090, 2.404088, 14.229342, 0.247863, 3.397447, 14.308792
8.200584, 7.122361, 15.285123, 8.313654, 8.032153, 15.684489
1.676073, 11.785156, 15.872873, 2.333034, 12.516345, 16.056623
8.200584, 7.122361, 15.285123, 8.269998, 7.911675, 15.895176
4.462389, 4.960763, 14.653877, 3.846584, 5.746706, 14.709364
2.333034, 12.516345, 16.056623, 3.231117, 12.871975, 16.315420
10.409261, 10.079667, 16.777096, 10.185189, 10.998278, 17.102589
0.397587, 1.443206, 13.960485, 0.912051, 1.956926, 14.647086
1.344248, 1.707801, 14.144398, 2.078664, 2.200738, 14.610924
10.409261, 10.079667, 16.777096, 9.612364, 10.683637, 16.790323
8.200584, 7.122361, 15.285123, 8.955630, 7.664827, 15.653410
6.344775, 5.623111, 14.710164, 7.154807, 5.312282, 15.207390
8.043413, 6.146472, 15.133666, 8.812850, 6.429921, 15.706050
3.788347, 2.850259, 14.609865, 4.475232, 2.574600, 15.282324
6.344775, 5.623111, 14.710164, 7.244537, 5.304047, 15.007866
3.087584, 9.468901, 15.695985, 3.428244, 10.320452, 16.094496
8.276118, 5.302829, 15.105991, 9.187281, 5.276733, 15.517212
3.846584, 5.746706, 14.709364, 3.153532, 6.427244, 14.947161
3.087584, 9.468901, 15.695985, 3.056487, 10.461374, 15.814433
6.344775, 5.623111, 14.710164, 6.716928, 4.755942, 15.041101
4.052395, 4.053494, 14.560241, 4.778430, 3.709989, 15.155957
8.955630, 7.664827, 15.653410, 9.512712, 8.440453, 15.950167
10.409261, 10.079667, 16.777096, 11.386111, 9.866454, 16.794508
1.263301, 0.946643, 14.023452, 2.008532, 0.774940, 14.667772
3.153532, 6.427244, 14.947161, 2.703928, 7.265885, 15.254631
8.200584, 7.122361, 15.285123, 8.273039, 7.953339, 15.836689
9.512712, 8.440453, 15.950167, 10.477664, 8.374973, 16.204296
3.056487, 10.461374, 15.814433, 3.869437, 11.043628, 15.824035
9.612364, 10.683637, 16.790323, 10.011913, 11.579560, 16.984440
6.344775, 5.623111, 14.710164, 6.424926, 6.619880, 14.715522
9.512712, 8.440453, 15.950167, 9.967425, 9.096540, 16.552483
11.386111, 9.866454, 16.794508, 12.343046, 9.581788, 16.851433
6.424926, 6.619880, 14.715522, 6.144480, 7.540970, 14.985599
6.144480, 7.540970, 14.985599, 5.867003, 8.475458, 15.208620
5.867003, 8.475458, 15.208620, 5.941621, 9.249034, 15.837915
10.477664, 8.374973, 16.204296, 11.258253, 7.751278, 16.245344
9.221226, 5.204525, 15.417613, 10.169901, 5.261447, 15.728700
6.424926, 6.619880, 14.715522, 6.702222, 7.379037, 15.304407
6.344775, 5.623111, 14.710164, 6.881762, 5.097257, 15.369802
1.676073, 11.785156, 15.872873, 0.731721, 11.683332, 16.185654
11.258253, 7.751278, 16.245344, 12.081402, 8.080555, 16.707949
2.703928, 7.265885, 15.254631, 1.798177, 7.689394, 15.270559
11.386111, 9.866454, 16.794508, 11.856193, 10.702830, 17.076460
4.052395, 4.053494, 14.560241, 4.907506, 3.999454, 15.075862
8.200584, 7.122361, 15.285123, 8.873795, 7.560759, 15.880602
11.258253, 7.751278, 16.245344, 12.223629, 7.819040, 16.497252
11.258253, 7.751278, 16.245344, 12.241165, 7.932746, 16.276209
1.263301, 0.946643, 14.023452, 2.157569, 0.546587, 14.224051
5.326623, 6.618981, 15.121142, 4.425737, 7.052557, 15.141559
6.424926, 6.619880, 14.715522, 5.863096, 7.438838, 14.832376
8.276118, 5.302829, 15.105991, 9.088537, 5.654156, 15.571336
1.798177, 7.689394, 15.270559, 1.485459, 8.637823, 15.322420
0.247863, 3.397447, 14.308792, 0.174995, 4.392732, 14.372801
7.205043, 9.462232, 16.347090, 7.274638, 10.459740, 16.358711
9.512712, 8.440453, 15.950167, 10.072180, 9.256810, 16.093542
8.200584, 7.122361, 15.285123, 8.954359, 7.510488, 15.815389
4.462389, 4.960763, 14.653877, 4.685451, 5.932694, 14.728665
2.703928, 7.265885, 15.254631, 2.942352, 8.233620, 15.336135
10.072180, 9.256810, 16.093542, 10.192714, 10.089465, 16.634058
8.276118, 5.302829, 15.105991, 8.568492, 4.351205, 15.200483
1.263301, 0.946643, 14.023452, 2.061337, 1.197273, 14.571469
5.834263, 3.451514, 15.090539, 6.819110, 3.303696, 15.181239
1.344248, 1.707801, 14.144398, 2.028228, 2.161591, 14.715577
12.241165, 7.932746, 16.276209, 12.936924, 7.239080, 16.462614
7.323325, 5.501906, 14.876748, 7.756345, 4.764232, 15.394754
8.200584, 7.122361, 15.285123, 9.169789, 7.306530, 15.448598
5.863096, 7.438838, 14.832376, 6.163052, 8.223782, 15.374494
3.053874, 4.010211, 14.527330, 3.043468, 4.775187, 15.171306
2.157569, 0.546587, 14.224051, 3.084882, 0.435231, 14.581389
0.397587, 1.443206, 13.960485, 0.770955, 2.335404, 14.214612
2.942352, 8.233620, 15.336135, 3.300025, 9.160060, 15.453513
11.856193, 10.702830, 17.076460, 12.437878, 11.514943, 17.122450
1.676073, 11.785156, 15.872873, 1.505142, 12.753274, 16.055986
1.485459, 8.637823, 15.322420, 1.290384, 9.351478, 15.995208
7.323325, 5.501906, 14.876748, 8.160703, 5.710675, 15.381935
10.169901, 5.261447, 15.728700, 10.852135, 4.534880, 15.810292
5.863096, 7.438838, 14.832376, 6.158534, 8.355824, 15.100434
10.011913, 11.579560, 16.984440, 9.429811, 12.391452, 17.029047
8.568492, 4.351205, 15.200483, 9.458814, 3.896043, 15.212902
0.174995, 4.392732, 14.372801, 0.488466, 5.127210, 14.974696
6.158534, 8.355824, 15.100434, 7.145033, 8.515631, 15.136204
1.485459, 8.637823, 15.322420, 0.588119, 9.059590, 15.452394
7.145033, 8.515631, 15.136204, 8.002599, 8.956119, 15.401819
9.458814, 3.896043, 15.212902, 9.853829, 4.814535, 15.231219
9.458814, 3.896043, 15.212902, 10.123484, 3.521044, 15.859114
7.145033, 8.515631, 15.136204, 8.140652, 8.518783, 15.229660
0.397587, 1.443206, 13.960485, 0.809046, 2.339442, 14.126207
12.437878, 11.514943, 17.122450, 13.249088, 12.091650, 17.219126
12.936924, 7.239080, 16.462614, 13.600670, 6.506216, 16.612114
9.853829, 4.814535, 15.231219, 10.400845, 5.454482, 15.770888
8.200584, 7.122361, 15.285123, 8.395823, 8.101933, 15.333289
1.263301, 0.946643, 14.023452, 2.095194, 1.433486, 14.289794
8.002599, 8.956119, 15.401819, 8.630166, 9.730068, 15.486444
8.140652, 8.518783, 15.229660, 8.294352, 9.506535, 15.256551
9.458814, 3.896043, 15.212902, 8.659693, 3.392086, 15.540672
4.052395, 4.053494, 14.560241, 4.676179, 4.821169, 14.707103
9.853829, 4.814535, 15.231219, 10.772840, 4.538771, 15.512951
9.458814, 3.896043, 15.212902, 9.452497, 2.980871, 15.615915
9.458814, 3.896043, 15.212902, 9.984776, 3.051629, 15.314525
8.294352, 9.506535, 15.256551, 7.861492, 10.232697, 15.790705
8.043413, 6.146472, 15.133666, 8.705150, 6.888953, 15.237720
6.158534, 8.355824, 15.100434, 5.809024, 9.292076, 15.136123
9.853829, 4.814535, 15.231219, 10.834244, 4.914134, 15.401123
8.294352, 9.506535, 15.256551, 8.218600, 10.372828, 15.750308
6.424926, 6.619880, 14.715522, 5.755087, 7.314632, 14.977505
5.863096, 7.438838, 14.832376, 5.867086, 8.180985, 15.502602
10.834244, 4.914134, 15.401123, 11.575620, 4.566008, 15.974856
2.333034, 12.516345, 16.056623, 2.469350, 13.379716, 16.542431
1.505142, 12.753274, 16.055986, 1.040052, 13.621771, 16.227463
9.853829, 4.814535, 15.231219, 10.702286, 5.071390, 15.693980
6.819110, 3.303696, 15.181239, 7.563168, 2.652450, 15.330422
1.485459, 8.637823, 15.322420, 1.707640, 9.581946, 15.565868
4.475232, 2.574600, 15.282324, 4.895473, 1.667187, 15.282680
12.437878, 11.514943, 17.122450, 12.320172, 12.503644, 17.215277
7.323325, 5.501906, 14.876748, 7.955014, 4.785780, 15.173620
9.984776, 3.051629, 15.314525, 9.705993, 2.096142, 15.411088
10.834244, 4.914134, 15.401123, 11.629786, 4.316715, 15.502131
0.397587, 1.443206, 13.960485, 0.830355, 2.086190, 14.592375
1.263301, 0.946643, 14.023452, 1.846762, 1.435839, 14.671726
8.630166, 9.730068, 15.486444, 9.322569, 10.376890, 15.806129
0.174995, 4.392732, 14.372801, 0.785574, 5.164980, 14.548374
8.705150, 6.888953, 15.237720, 9.442800, 7.338516, 15.741472
3.869437, 11.043628, 15.824035, 3.803274, 11.929615, 16.283001
5.809024, 9.292076, 15.136123, 5.154895, 9.774734, 15.718494
0.174995, 4.392732, 14.372801, 0.829163, 5.071952, 14.705553
8.294352, 9.506535, 15.256551, 8.045191, 10.443946, 15.499818
2.302283, 11.008853, 15.800669, 3.106135, 11.598357, 15.880087
12.437878, 11.514943, 17.122450, 13.185775, 12.177163, 17.168434
9.984776, 3.051629, 15.314525, 10.656766, 2.634081, 15.926148
1.274487, 12.657943, 16.150311, 0.311834, 12.928515, 16.159849
8.045191, 10.443946, 15.499818, 7.665894, 11.311384, 15.821819
13.249088, 12.091650, 17.219126, 13.914521, 11.345676, 17.246025
1.795789, 12.756561, 16.077909, 2.270057, 13.636173, 16.114687
6.819110, 3.303696, 15.181239, 7.739283, 2.951942, 15.353145
9.458814, 3.896043, 15.212902, 8.564983, 3.447772, 15.223849
0.588119, 9.059590, 15.452394, 0.275236, 10.009004, 15.479195
7.665894, 11.311384, 15.821819, 7.464077, 12.274972, 15.997232
5.809024, 9.292076, 15.136123, 5.112666, 9.932770, 15.459537
1.485459, 8.637823, 15.322420, 1.729051, 9.556024, 15.634784
5.809024, 9.292076, 15.136123, 5.035692, 9.754324, 15.570040
1.263301, 0.946643, 14.023452, 1.983087, 1.487727, 14.458349
8.564983, 3.447772, 15.223849, 8.631489, 2.734640, 15.921718
8.568492, 4.351205, 15.200483, 8.139243, 4.138890, 14.597311
5.809024, 9.292076, 15.136123, 5.938821, 10.119363, 15.682702
11.629786, 4.316715, 15.502131, 12.536983, 4.610304, 15.803463
11.629786, 4.316715, 15.502131, 12.341835, 4.718203, 16.078148
4.895473, 1.667187, 15.282680, 5.734461, 1.124938, 15.328107
8.139243, 4.138890, 14.597311, 9.089451, 3.904453, 14.802601
3.846584, 5.746706, 14.709364, 3.205531, 6.333905, 15.203579
6.424926, 6.619880, 14.715522, 6.806505, 7.477073, 15.061378
9.089451, 3.904453, 14.802601, 9.989825, 3.554264, 15.060850
9.989825, 3.554264, 15.060850, 10.666815, 2.861854, 15.310356
12.536983, 4.610304, 15.803463, 13.083769, 3.773817, 15.839703
2.157569, 0.546587, 14.224051, 3.026218, 0.568634, 14.718988
8.294352, 9.506535, 15.256551, 8.244786, 10.258566, 15.913813
8.139243, 4.138890, 14.597311, 8.471759, 3.403293, 15.187506
7.464077, 12.274972, 15.997232, 6.893784, 12.993189, 16.395893
13.083769, 3.773817, 15.839703, 13.405947, 2.829520, 15.906833
1.485459, 8.637823, 15.322420, 1.881209, 9.484764, 15.677487
13.083769, 3.773817, 15.839703, 13.973499, 3.644246, 16.277414
7.464077, 12.274972, 15.997232, 8.223176, 12.857081, 16.288637
2.270057, 13.636173, 16.114687, 3.152883, 14.063626, 16.309372
0.174995, 4.392732, 14.372801, 1.029279, 4.900530, 14.483886
5.112666, 9.932770, 15.459537, 4.826327, 10.844005, 15.755613
4.685451, 5.932694, 14.728665, 4.971568, 6.881716, 14.860934
8.045191, 10.443946, 15.499818, 7.617961, 11.328824, 15.685466
8.045191, 10.443946, 15.499818, 8.349382, 11.337245, 15.830701
13.600670, 6.506216, 16.612114, 14.535096, 6.153562, 16.661953
8.139243, 4.138890, 14.597311, 8.328922, 4.894794, 15.223913
9.989825, 3.554264, 15.060850, 10.677144, 3.168869, 15.676532
4.052395, 4.053494, 14.560241, 4.610155, 4.527918, 15.241288
11.629786, 4.316715, 15.502131, 12.392419, 4.837532, 15.885722
8.294352, 9.506535, 15.256551, 8.681911, 10.267669, 15.776621
0.397587, 1.443206, 13.960485, 0.306937, 0.450051, 14.034142
8.705150, 6.888953, 15.237720, 9.662056, 7.063293, 15.469960
3.053874, 4.010211, 14.527330, 3.557597, 4.735763, 14.996199
9.322569, 10.376890, 15.806129, 10.047453, 10.800059, 16.349701
4.826327, 10.844005, 15.755613, 5.125990, 11.773345, 15.971315
3.153532, 6.427244, 14.947161, 3.847027, 7.147697, 14.950703
4.052395, 4.053494, 14.560241, 4.536712, 4.622030, 15.225224
5.809024, 9.292076, 15.136123, 6.214308, 10.133001, 15.494718
7.145033, 8.515631, 15.136204, 6.600240, 9.352635, 15.187428
9.989825, 3.554264, 15.060850, 10.892871, 3.229942, 15.342495
0.397587, 1.443206, 13.960485, 0.375784, 2.412296, 14.206231
10.047453, 10.800059, 16.349701, 10.282361, 11.771839, 16.371183
1.263301, 0.946643, 14.023452, 2.130224, 0.968007, 14.521436
8.139243, 4.138890, 14.597311, 7.946398, 3.357123, 15.190312
9.088537, 5.654156, 15.571336, 9.448031, 6.022934, 14.858237
3.847027, 7.147697, 14.950703, 3.429565, 8.009451, 15.238987
2.270057, 13.636173, 16.114687, 1.718490, 14.466863, 16.190378
1.029279, 4.900530, 14.483886, 1.896128, 5.322869, 14.748843
8.294352, 9.506535, 15.256551, 8.286567, 10.273259, 15.898479
5.863096, 7.438838, 14.832376, 5.487370, 8.236983, 15.303327
8.294352, 9.506535, 15.256551, 9.256014, 9.559555, 15.525612
3.053874, 4.010211, 14.527330, 3.469764, 4.819985, 14.941216
3.847027, 7.147697, 14.950703, 3.212710, 7.835049, 15.304526
3.084882, 0.435231, 14.581389, 4.031202, 0.531049, 14.890092
8.294352, 9.506535, 15.256551, 7.542965, 10.165095, 15.297975
7.542965, 10.165095, 15.297975, 7.492137, 11.118841, 15.594259
10.282361, 11.771839, 16.371183, 11.027233, 12.342916, 16.716200
10.666815, 2.861854, 15.310356, 10.698900, 1.863949, 15.366544
3.300025, 9.160060, 15.453513, 2.790715, 10.003554, 15.624161
1.263301, 0.946643, 14.023452, 2.111234, 0.748913, 14.515298
7.492137, 11.118841, 15.594259, 7.480133, 12.118407, 15.621154
10.698900, 1.863949, 15.366544, 11.532695, 1.641288, 15.871726
4.052395, 4.053494, 14.560241, 4.219863, 3.068336, 14.597888
9.256014, 9.559555, 15.525612, 10.198615, 9.227936, 15.564735
0.397587, 1.443206, 13.960485, 1.161103, 2.056723, 14.162083
10.198615, 9.227936, 15.564735, 11.125366, 9.248807, 15.939832
5.863096, 7.438838, 14.832376, 5.138918, 8.007383, 15.222662
6.424926, 6.619880, 14.715522, 7.256902, 6.551279, 15.266077
1.485459, 8.637823, 15.322420, 1.469443, 9.485147, 15.853254
1.263301, 0.946643, 14.023452, 1.940755, 1.265473, 14.686326
1.263301, 0.946643, 14.023452, 1.889738, 1.398415, 14.658651
6.424926, 6.619880, 14.715522, 5.810149, 5.954362, 15.138765
2.095194, 1.433486, 14.289794, 2.788467, 1.060397, 14.005303
0.397587, 1.443206, 13.960485, 0.198579, 2.169532, 14.618397
5.734461, 1.124938, 15.328107, 6.633443, 0.700728, 15.437096
9.448031, 6.022934, 14.858237, 10.290912, 5.774007, 15.335299
2.788467, 1.060397, 14.005303, 3.635545, 0.571962, 14.214807
10.198615, 9.227936, 15.564735, 10.666449, 8.344170, 15.574194
1.718490, 14.466863, 16.190378, 1.173860, 13.631462, 16.264431
2.057175, 2.402668, 14.361505, 1.984720, 2.190074, 13.846941
3.847027, 7.147697, 14.950703, 3.367008, 7.929533, 15.348592
7.542965, 10.165095, 15.297975, 7.831479, 11.061291, 15.635011
7.542965, 10.165095, 15.297975, 7.013880, 10.986788, 15.509849
8.139243, 4.138890, 14.597311, 7.156503, 4.124542, 14.781743
1.984720, 2.190074, 13.846941, 2.938956, 2.489115, 13.849522
6.344775, 5.623111, 14.710164, 6.430014, 5.965915, 13.802155
10.698900, 1.863949, 15.366544, 11.659042, 1.829717, 15.643952
10.698900, 1.863949, 15.366544, 11.343180, 1.414146, 15.985076
6.430014, 5.965915, 13.802155, 6.568498, 5.199386, 14.429255
2.938956, 2.489115, 13.849522, 3.434088, 3.190903, 14.361711
3.153532, 6.427244, 14.947161, 2.662969, 7.296669, 15.005875
7.480133, 12.118407, 15.621154, 7.608663, 13.074903, 15.883064
9.448031, 6.022934, 14.858237, 10.324098, 6.159581, 15.320662
7.480133, 12.118407, 15.621154, 7.337053, 13.078509, 15.861430
0.397587, 1.443206, 13.960485, 0.403132, 2.440712, 14.030848
9.448031, 6.022934, 14.858237, 10.181165, 6.460399, 15.378948
6.430014, 5.965915, 13.802155, 5.567132, 5.875754, 14.299453
7.013880, 10.986788, 15.509849, 6.518534, 11.757656, 15.910341
2.938956, 2.489115, 13.849522, 3.918044, 2.318590, 13.960466
6.430014, 5.965915, 13.802155, 7.157225, 5.671153, 14.422057
6.430014, 5.965915, 13.802155, 6.382660, 6.783966, 14.375348
10.198615, 9.227936, 15.564735, 10.997040, 9.784383, 15.794701
1.984720, 2.190074, 13.846941, 2.018627, 3.164770, 14.067889
9.089451, 3.904453, 14.802601, 10.073455, 4.034096, 14.924781
3.918044, 2.318590, 13.960466, 4.771191, 2.488567, 14.453668
7.337053, 13.078509, 15.861430, 6.823731, 13.932407, 15.947212
6.430014, 5.965915, 13.802155, 7.116366, 5.520286, 14.376904
10.997040, 9.784383, 15.794701, 11.990735, 9.896426, 15.798570
1.984720, 2.190074, 13.846941, 2.550760, 1.637466, 14.458679
10.198615, 9.227936, 15.564735, 10.727898, 10.010526, 15.892473
10.073455, 4.034096, 14.924781, 10.826432, 3.576199, 15.397385
10.698900, 1.863949, 15.366544, 11.391887, 1.626920, 16.047417
6.430014, 5.965915, 13.802155, 6.467059, 5.071617, 14.248092
11.990735, 9.896426, 15.798570, 12.522715, 10.709008, 16.036703
8.139243, 4.138890, 14.597311, 8.303744, 3.156048, 14.680742
10.666449, 8.344170, 15.574194, 11.551778, 8.794498, 15.689933
8.303744, 3.156048, 14.680742, 7.964719, 3.127601, 14.402756
7.964719, 3.127601, 14.402756, 8.556816, 2.330206, 14.519295
8.556816, 2.330206, 14.519295, 9.367175, 2.913115, 14.578758
7.608663, 13.074903, 15.883064, 8.486467, 13.474709, 16.146912
3.106135, 11.598357, 15.880087, 2.636493, 12.468568, 16.028984
7.013880, 10.986788, 15.509849, 6.131001, 11.444913, 15.613025
7.964719, 3.127601, 14.402756, 6.979402, 2.956951, 14.408076
9.367175, 2.913115, 14.578758, 10.000331, 2.141427, 14.638865
3.300025, 9.160060, 15.453513, 3.186462, 10.153499, 15.467077
7.608663, 13.074903, 15.883064, 8.166764, 13.898113, 15.987218
8.294352, 9.506535, 15.256551, 7.807534, 10.377347, 15.325072
3.053874, 4.010211, 14.527330, 2.541487, 4.368284, 14.395721
11.659042, 1.829717, 15.643952, 12.510690, 1.305676, 15.652726
6.979402, 2.956951, 14.408076, 6.019946, 3.236609, 14.443231
1.485459, 8.637823, 15.322420, 0.810898, 9.342649, 15.541940
10.000331, 2.141427, 14.638865, 10.744878, 1.476949, 14.703038
7.807534, 10.377347, 15.325072, 8.589238, 11.000198, 15.356620
6.823731, 13.932407, 15.947212, 5.995289, 14.428758, 16.206673
3.231117, 12.871975, 16.315420, 4.070808, 13.414894, 16.327957
10.181165, 6.460399, 15.378948, 11.074721, 6.909323, 15.383796
8.556816, 2.330206, 14.519295, 8.016132, 1.500681, 14.659116
2.938956, 2.489115, 13.849522, 3.523612, 2.890957, 13.359701
2.788467, 1.060397, 14.005303, 2.919333, 1.392001, 14.055984
3.523612, 2.890957, 13.359701, 3.252795, 3.701267, 13.879369
11.074721, 6.909323, 15.383796, 12.032644, 7.192564, 15.430247
6.979402, 2.956951, 14.408076, 6.757390, 3.931973, 14.414598
2.636493, 12.468568, 16.028984, 2.758076, 13.450326, 16.175167
0.403132, 2.440712, 14.030848, 0.294899, 3.430267, 14.126073
6.430014, 5.965915, 13.802155, 7.132714, 6.657399, 13.969674
3.523612, 2.890957, 13.359701, 4.242290, 3.097104, 14.023783
7.132714, 6.657399, 13.969674, 7.063442, 7.423416, 14.608751
1.718490, 14.466863, 16.190378, 0.909200, 14.730048, 16.715528
10.744878, 1.476949, 14.703038, 11.607060, 1.798357, 15.094623
11.629786, 4.316715, 15.502131, 12.580155, 4.623885, 15.551583
3.523612, 2.890957, 13.359701, 2.616198, 3.095984, 13.726532
11.990735, 9.896426, 15.798570, 12.689903, 10.579908, 16.008369
8.589238, 11.000198, 15.356620, 9.270720, 11.667343, 15.657452
6.131001, 11.444913, 15.613025, 5.866913, 12.401196, 15.738649
3.523612, 2.890957, 13.359701, 2.931660, 3.515106, 13.869635
8.589238, 11.000198, 15.356620, 8.496243, 11.946529, 15.666152
6.430014, 5.965915, 13.802155, 7.251780, 5.761824, 14.334177
6.430014, 5.965915, 13.802155, 7.268748, 6.024964, 14.343485
10.073455, 4.034096, 14.924781, 10.907121, 4.437280, 15.302198
3.523612, 2.890957, 13.359701, 2.592771, 3.251232, 13.420841
13.083769, 3.773817, 15.839703, 14.082994, 3.808011, 15.859237
3.523612, 2.890957, 13.359701, 3.883905, 1.963953, 13.463881
11.990735, 9.896426, 15.798570, 12.257942, 10.816947, 16.083599
3.523612, 2.890957, 13.359701, 4.402844, 2.544610, 13.686801
14.082994, 3.808011, 15.859237, 14.202949, 2.817359, 15.924195
0.275236, 10.009004, 15.479195, 1.018199, 10.670815, 15.579245
6.430014, 5.965915, 13.802155, 7.047932, 5.516209, 14.447090
9.270720, 11.667343, 15.657452, 9.831948, 12.447374, 15.934174
12.689903, 10.579908, 16.008369, 13.338884, 11.338944, 16.060219
13.338884, 11.338944, 16.060219, 13.483445, 12.217771, 16.514935
7.480133, 12.118407, 15.621154, 7.135683, 12.885490, 16.162392
10.744878, 1.476949, 14.703038, 11.412918, 2.135313, 15.049850
3.523612, 2.890957, 13.359701, 4.190624, 3.623378, 13.496280
2.592771, 3.251232, 13.420841, 1.883012, 3.842311, 13.804073
12.032644, 7.192564, 15.430247, 12.110107, 8.166765, 15.642220
6.430014, 5.965915, 13.802155, 5.628500, 6.411460, 14.200983
1.485459, 8.637823, 15.322420, 1.551386, 9.490125, 15.841299
2.592771, 3.251232, 13.420841, 2.558859, 4.082835, 13.975176
6.430014, 5.965915, 13.802155, 6.909351, 6.703077, 14.278419
13.338884, 11.338944, 16.060219, 12.999714, 12.123931, 16.578640
0.275236, 10.009004, 15.479195, 0.478950, 10.954639, 15.732717
3.883905, 1.963953, 13.463881, 4.629711, 1.298902, 13.502339
10.744878, 1.476949, 14.703038, 11.486942, 1.319292, 15.354563
3.869437, 11.043628, 15.824035, 4.076266, 12.021811, 15.843494
12.032644, 7.192564, 15.430247, 12.614164, 7.965024, 15.685475
7.337053, 13.078509, 15.861430, 6.393923, 13.410868, 15.868073
9.831948, 12.447374, 15.934174, 10.299420, 13.323233, 16.053934
10.744878, 1.476949, 14.703038, 11.638971, 1.680418, 15.102033
1.485459, 8.637823, 15.322420, 0.717759, 9.274981, 15.390740
6.430014, 5.965915, 13.802155, 5.524141, 6.375216, 13.911093
7.132714, 6.657399, 13.969674, 7.830316, 7.282222, 14.320312
1.018199, 10.670815, 15.579245, 0.840369, 11.578950, 15.958281
8.589238, 11.000198, 15.356620, 9.366439, 11.538540, 15.682424
10.744878, 1.476949, 14.703038, 11.542521, 1.762241, 15.234426
10.744878, 1.476949, 14.703038, 10.537465, 0.499227, 14.735280
5.524141, 6.375216, 13.911093, 4.547625, 6.581573, 13.973001
2.592771, 3.251232, 13.420841, 1.960892, 2.477904, 13.472733
11.412918, 2.135313, 15.049850, 12.367185, 2.433264, 15.074363
2.592771, 3.251232, 13.420841, 1.983570, 4.009436, 13.653220
12.614164, 7.965024, 15.685475, 13.610218, 7.877674, 15.701170
4.629711, 1.298902, 13.502339, 5.581959, 1.160096, 13.774289
10.744878, 1.476949, 14.703038, 11.649491, 1.413613, 15.124539
4.547625, 6.581573, 13.973001, 4.440311, 7.438768, 14.476688
7.132714, 6.657399, 13.969674, 7.783628, 7.296630, 14.379179
10.073455, 4.034096, 14.924781, 10.940940, 4.298841, 15.345946
7.830316, 7.282222, 14.320312, 8.799981, 7.523612, 14.358795
5.112666, 9.932770, 15.459537, 5.402103, 10.304600, 14.585633
1.983570, 4.009436, 13.653220, 1.743183, 4.813972, 14.196300
11.990735, 9.896426, 15.798570, 12.829217, 10.282579, 16.183062
5.402103, 10.304600, 14.585633, 5.302304, 9.309613, 14.592068
3.918044, 2.318590, 13.960466, 4.020856, 2.304121, 14.226884
5.581959, 1.160096, 13.774289, 6.345309, 1.075587, 14.414723
14.082994, 3.808011, 15.859237, 14.738029, 4.562971, 15.890300
2.270057, 13.636173, 16.114687, 1.960484, 14.546321, 16.389997
5.402103, 10.304600, 14.585633, 5.782739, 11.229063, 14.607633
8.799981, 7.523612, 14.358795, 9.727344, 7.461591, 14.727783
5.782739, 11.229063, 14.607633, 6.198056, 12.124417, 14.768421
5.782739, 11.229063, 14.607633, 6.658255, 11.438375, 15.043132
14.202949, 2.817359, 15.924195, 14.778899, 2.000184, 15.946671
8.799981, 7.523612, 14.358795, 9.546204, 7.309949, 14.989271
10.744878, 1.476949, 14.703038, 11.526025, 1.464688, 15.327265
10.744878, 1.476949, 14.703038, 11.672944, 1.301026, 15.031281
9.367175, 2.913115, 14.578758, 10.288043, 3.041310, 14.946955
4.547625, 6.581573, 13.973001, 4.190906, 7.354006, 14.498452
1.983570, 4.009436, 13.653220, 1.231527, 4.665268, 13.718916
5.782739, 11.229063, 14.607633, 5.864007, 12.204614, 14.811831
1.018199, 10.670815, 15.579245, 0.716893, 11.479660, 16.084204
5.782739, 11.229063, 14.607633, 5.134947, 11.912729, 14.943737
3.186462, 10.153499, 15.467077, 2.662863, 11.004162, 15.514153
4.190906, 7.354006, 14.498452, 3.543203, 8.115887, 14.502637
4.685451, 5.932694, 14.728665, 5.091157, 5.778347, 14.660540
10.000331, 2.141427, 14.638865, 10.732537, 1.735242, 15.185572
1.231527, 4.665268, 13.718916, 1.970858, 5.338479, 13.732260
4.190624, 3.623378, 13.496280, 4.167026, 4.451646, 14.056115
13.338884, 11.338944, 16.060219, 14.338367, 11.370389, 16.066978
4.629711, 1.298902, 13.502339, 5.412023, 1.754691, 13.926891
10.744878, 1.476949, 14.703038, 11.497826, 1.824548, 15.261827
1.970858, 5.338479, 13.732260, 2.029785, 6.060299, 14.421827
8.799981, 7.523612, 14.358795, 8.426664, 8.449938, 14.409337
5.782739, 11.229063, 14.607633, 5.474675, 12.068231, 15.055845
3.523612, 2.890957, 13.359701, 3.567218, 3.887810, 13.425905
5.134947, 11.912729, 14.943737, 4.542327, 12.716574, 14.995080
4.629711, 1.298902, 13.502339, 5.380146, 1.094159, 14.130773
3.567218, 3.887810, 13.425905, 3.219103, 4.795155, 13.661573
4.190624, 3.623378, 13.496280, 4.939969, 4.054790, 13.998640
5.782739, 11.229063, 14.607633, 4.914692, 11.598282, 14.939555
8.426664, 8.449938, 14.409337, 8.833633, 9.350944, 14.559553
10.073455, 4.034096, 14.924781, 10.910124, 4.575451, 15.007970
8.426664, 8.449938, 14.409337, 8.106606, 9.387006, 14.548855
10.299420, 13.323233, 16.053934, 11.277440, 13.525641, 16.104021
3.543203, 8.115887, 14.502637, 3.007320, 7.271685, 14.514958
5.402103, 10.304600, 14.585633, 4.785785, 10.882943, 15.120114
10.744878, 1.476949, 14.703038, 11.707314, 1.362025, 14.949025
12.032644, 7.192564, 15.430247, 12.881248, 6.978815, 15.914171
5.380146, 1.094159, 14.130773, 5.555407, 0.729470, 13.923453
14.338367, 11.370389, 16.066978, 14.298055, 12.365316, 16.159147
1.970858, 5.338479, 13.732260, 1.607857, 6.051296, 14.332362
10.000331, 2.141427, 14.638865, 10.937599, 1.796128, 14.686788
4.542327, 12.716574, 14.995080, 4.605072, 13.709040, 15.100312
1.970858, 5.338479, 13.732260, 2.150201, 6.322133, 13.748420
9.727344, 7.461591, 14.727783, 10.586281, 7.805947, 15.106791
13.610218, 7.877674, 15.701170, 13.981163, 8.601501, 16.282955
8.106606, 9.387006, 14.548855, 7.259570, 9.895265, 14.704432
10.537465, 0.499227, 14.735280, 11.528989, 0.532028, 14.860999
6.198056, 12.124417, 14.768421, 6.976771, 12.695660, 15.027815
6.198056, 12.124417, 14.768421, 6.153931, 12.880031, 15.421951
7.132714, 6.657399, 13.969674, 7.178348, 7.512457, 14.486194
4.629711, 1.298902, 13.502339, 4.148998, 0.668635, 14.111994
12.367185, 2.433264, 15.074363, 13.326617, 2.300850, 15.323273
10.000331, 2.141427, 14.638865, 10.541462, 1.573556, 15.259107
2.150201, 6.322133, 13.748420, 1.984329, 7.106733, 14.345822
4.542327, 12.716574, 14.995080, 3.550271, 12.816906, 15.070966
3.567218, 3.887810, 13.425905, 3.702232, 4.829122, 13.735264
10.937599, 1.796128, 14.686788, 11.810837, 1.420080, 14.996698
5.782739, 11.229063, 14.607633, 6.710814, 11.041840, 14.929539
8.799981, 7.523612, 14.358795, 9.587887, 7.774767, 14.921045
3.550271, 12.816906, 15.070966, 2.785441, 13.003618, 15.687549
5.782739, 11.229063, 14.607633, 4.961696, 11.559534, 15.073119
8.799981, 7.523612, 14.358795, 9.720139, 7.649152, 14.729672
8.799981, 7.523612, 14.358795, 9.649427, 7.743069, 14.838669
6.976771, 12.695660, 15.027815, 7.809779, 13.160678, 15.327573
14.338367, 11.370389, 16.066978, 15.302081, 11.351938, 16.333279
4.190624, 3.623378, 13.496280, 5.066154, 3.497726, 13.962817
2.550760, 1.637466, 14.458679, 3.040820, 1.681384, 14.983111
4.190624, 3.623378, 13.496280, 4.552351, 3.948796, 13.113192
5.524141, 6.375216, 13.911093, 5.966356, 7.269125, 13.984388
4.552351, 3.948796, 13.113192, 5.444462, 3.967938, 13.564602
0.397587, 1.443206, 13.960485, 0.175774, 2.417833, 13.990525
4.629711, 1.298902, 13.502339, 3.974291, 0.585251, 13.749577
5.966356, 7.269125, 13.984388, 5.520978, 8.097939, 14.323070
4.629711, 1.298902, 13.502339, 4.234559, 0.449346, 13.851780
5.782739, 11.229063, 14.607633, 6.661015, 11.644646, 14.844110
11.528989, 0.532028, 14.860999, 12.494136, 0.318271, 15.011992
12.580155, 4.623885, 15.551583, 13.573170, 4.738583, 15.579282
8.833633, 9.350944, 14.559553, 9.633139, 9.852820, 14.889568
6.430014, 5.965915, 13.802155, 6.784042, 6.897541, 13.884231
8.799981, 7.523612, 14.358795, 9.289282, 6.652118, 14.391719
5.402103, 10.304600, 14.585633, 6.267414, 9.804482, 14.619084
11.277440, 13.525641, 16.104021, 11.935564, 14.190392, 16.457546
2.150201, 6.322133, 13.748420, 2.293930, 7.065384, 14.401811
4.629711, 1.298902, 13.502339, 4.866591, 0.621823, 14.199083
9.720139, 7.649152, 14.729672, 10.530441, 8.234496, 14.757621
2.150201, 6.322133, 13.748420, 3.125205, 6.100147, 13.757844
9.289282, 6.652118, 14.391719, 9.878108, 6.079970, 14.962623
10.537465, 0.499227, 14.735280, 9.586613, 0.808597, 14.748295
2.150201, 6.322133, 13.748420, 1.350954, 6.740690, 14.179713
10.000331, 2.141427, 14.638865, 10.237352, 1.173192, 14.718493
6.784042, 6.897541, 13.884231, 6.839868, 7.834923, 14.228029
4.552351, 3.948796, 13.113192, 4.087683, 4.772079, 13.439211
6.784042, 6.897541, 13.884231, 7.502963, 7.265890, 14.473699
8.799981, 7.523612, 14.358795, 9.576333, 8.147247, 14.450210
6.784042, 6.897541, 13.884231, 6.905727, 7.684364, 14.489295
4.552351, 3.948796, 13.113192, 4.629809, 4.904628, 13.396715
4.552351, 3.948796, 13.113192, 5.329858, 3.364172, 13.344919
4.771191, 2.488567, 14.453668, 5.015877, 2.385434, 13.861732
4.552351, 3.948796, 13.113192, 4.793722, 4.910553, 13.242666
9.576333, 8.147247, 14.450210, 10.111207, 8.062231, 13.744820
1.960892, 2.477904, 13.472733, 1.027115, 2.769660, 13.679947
3.550271, 12.816906, 15.070966, 2.621756, 12.911501, 15.430009
3.543203, 8.115887, 14.502637, 4.116933, 8.137029, 14.308711
12.494136, 0.318271, 15.011992, 13.477235, 0.477041, 15.103148
1.231527, 4.665268, 13.718916, 0.569540, 5.213370, 14.230147
5.782739, 11.229063, 14.607633, 5.960530, 12.137307, 14.986423
10.111207, 8.062231, 13.744820, 10.440018, 8.940937, 14.090882
10.937599, 1.796128, 14.686788, 11.810255, 1.324646, 14.813972
5.782739, 11.229063, 14.607633, 4.979011, 11.406715, 15.175489
5.782739, 11.229063, 14.607633, 4.899797, 11.525826, 14.971426
10.440018, 8.940937, 14.090882, 10.607763, 9.815001, 14.546814
2.592771, 3.251232, 13.420841, 1.684329, 2.833705, 13.440948
1.960892, 2.477904, 13.472733, 1.120032, 1.936753, 13.483203
10.937599, 1.796128, 14.686788, 11.615477, 2.268082, 15.250473
13.610218, 7.877674, 15.701170, 14.533238, 8.262417, 15.703645
4.793722, 4.910553, 13.242666, 5.057819, 5.696452, 13.801786
12.367185, 2.433264, 15.074363, 13.363635, 2.349313, 15.080600
3.550271, 12.816906, 15.070966, 3.272382, 13.476497, 15.769334
10.910124, 4.575451, 15.007970, 11.887758, 4.777768, 15.065409
10.111207, 8.062231, 13.744820, 11.080136, 8.262121, 13.890489
4.793722, 4.910553, 13.242666, 5.373418, 5.697213, 13.455075
10.111207, 8.062231, 13.744820, 9.175691, 7.715977, 13.814944
5.520978, 8.097939, 14.323070, 5.000429, 8.951479, 14.345407
2.029785, 6.060299, 14.421827, 2.147842, 5.685261, 14.591330
4.793722, 4.910553, 13.242666, 4.619795, 5.883275, 13.396168
5.402103, 10.304600, 14.585633, 4.529199, 10.792489, 14.587256
5.373418, 5.697213, 13.455075, 5.753792, 6.396815, 14.059949
4.619795, 5.883275, 13.396168, 5.012849, 6.752611, 13.695771
2.942352, 8.233620, 15.336135, 2.272689, 8.415309, 14.714072
10.440018, 8.940937, 14.090882, 10.439948, 9.880167, 14.434170
2.150201, 6.322133, 13.748420, 2.554851, 7.236578, 13.755326
11.080136, 8.262121, 13.890489, 11.425639, 9.165663, 14.143945
7.809779, 13.160678, 15.327573, 8.667912, 13.672381, 15.369601
5.329858, 3.364172, 13.344919, 6.186066, 3.497339, 13.844093
2.272689, 8.415309, 14.714072, 2.754092, 9.291783, 14.720679
1.120032, 1.936753, 13.483203, 1.277566, 0.973958, 13.702769
4.793722, 4.910553, 13.242666, 4.060806, 5.404667, 13.710304
4.529199, 10.792489, 14.587256, 3.965625, 11.618070, 14.615573
8.667912, 13.672381, 15.369601, 9.249800, 14.392569, 15.747409
10.111207, 8.062231, 13.744820, 9.641197, 8.831504, 14.177613
14.298055, 12.365316, 16.159147, 13.305994, 12.450120, 16.252018
11.080136, 8.262121, 13.890489, 11.433290, 9.185241, 14.042583
4.552351, 3.948796, 13.113192, 3.691203, 4.429682, 13.278031
2.621756, 12.911501, 15.430009, 1.728967, 13.358394, 15.486703
3.523612, 2.890957, 13.359701, 3.264212, 1.986902, 13.699402
1.684329, 2.833705, 13.440948, 0.997493, 2.176296, 13.750898
9.289282, 6.652118, 14.391719, 8.806465, 5.776788, 14.417914
11.080136, 8.262121, 13.890489, 11.846435, 8.894880, 14.001855
7.964719, 3.127601, 14.402756, 8.930081, 3.336819, 14.558647
11.846435, 8.894880, 14.001855, 12.416706, 9.581574, 14.452679
1.350954, 6.740690, 14.179713, 0.712296, 7.508332, 14.233020
10.111207, 8.062231, 13.744820, 9.782096, 8.747911, 14.394072
1.676073, 11.785156, 15.872873, 0.676137, 11.794744, 15.878971
3.523612, 2.890957, 13.359701, 3.309778, 2.024190, 13.810247
10.111207, 8.062231, 13.744820, 9.631066, 8.933789, 13.844068
4.619795, 5.883275, 13.396168, 5.237627, 6.510093, 13.870914
1.120032, 1.936753, 13.483203, 0.240461, 1.522403, 13.717015
5.329858, 3.364172, 13.344919, 6.123112, 2.896557, 13.734900
10.111207, 8.062231, 13.744820, 10.587907, 7.457500, 14.382830
11.080136, 8.262121, 13.890489, 11.672626, 7.464494, 14.003394
9.631066, 8.933789, 13.844068, 9.546474, 9.880950, 14.153470
9.631066, 8.933789, 13.844068, 9.585171, 9.767309, 14.394648
10.000331, 2.141427, 14.638865, 10.329256, 1.332266, 15.125760
12.416706, 9.581574, 14.452679, 13.397329, 9.777469, 14.454423
5.581959, 1.160096, 13.774289, 6.539211, 1.095194, 14.056170
10.937599, 1.796128, 14.686788, 11.791721, 1.326117, 14.909418
5.000429, 8.951479, 14.345407, 4.307152, 9.658358, 14.485724
7.830316, 7.282222, 14.320312, 8.176352, 7.467697, 14.053693
9.175691, 7.715977, 13.814944, 9.074139, 6.815550, 14.237931
3.883905, 1.963953, 13.463881, 3.528983, 1.178698, 13.971231
9.631066, 8.933789, 13.844068, 8.947890, 9.441898, 14.368564
10.111207, 8.062231, 13.744820, 10.238703, 7.302523, 14.382462
1.728967, 13.358394, 15.486703, 1.504963, 14.331161, 15.546257
0.712296, 7.508332, 14.233020, -0.270806, 7.690977, 14.245296
6.467059, 5.071617, 14.248092, 6.566446, 4.626339, 13.830229
11.846435, 8.894880, 14.001855, 12.827495, 8.750197, 14.130649
5.329858, 3.364172, 13.344919, 6.015260, 2.961258, 13.951454
9.631066, 8.933789, 13.844068, 8.836062, 9.499928, 14.061914
9.546474, 9.880950, 14.153470, 9.985390, 10.752405, 14.372371
11.672626, 7.464494, 14.003394, 12.482013, 7.377173, 14.584141
2.592771, 3.251232, 13.420841, 2.075763, 2.442948, 13.702583
3.883905, 1.963953, 13.463881, 3.349359, 1.175607, 13.768464
4.552351, 3.948796, 13.113192, 4.745414, 3.040813, 13.485070
1.684329, 2.833705, 13.440948, 0.754840, 3.202486, 13.447960
12.827495, 8.750197, 14.130649, 13.746269, 8.361018, 14.196920
6.539211, 1.095194, 14.056170, 7.051081, 1.954086, 14.073339
9.631066, 8.933789, 13.844068, 8.647467, 8.944750, 14.024099
0.754840, 3.202486, 13.447960, 0.619736, 4.162179, 13.694406
7.116366, 5.520286, 14.376904, 7.711720, 4.716825, 14.378874
10.111207, 8.062231, 13.744820, 9.653347, 7.415143, 14.354444
2.554851, 7.236578, 13.755326, 2.120917, 7.965244, 14.285182
4.629711, 1.298902, 13.502339, 5.441663, 0.843246, 13.867185
5.329858, 3.364172, 13.344919, 6.017845, 2.873706, 13.879818
8.667912, 13.672381, 15.369601, 9.636725, 13.906078, 15.451983
5.373418, 5.697213, 13.455075, 6.238020, 6.199660, 13.458295
3.965625, 11.618070, 14.615573, 3.709335, 12.544466, 14.891446
9.636725, 13.906078, 15.451983, 10.489998, 14.425340, 15.499869
4.619795, 5.883275, 13.396168, 3.976408, 6.384125, 13.975134
1.120032, 1.936753, 13.483203, 2.114820, 1.929081, 13.584883
4.552351, 3.948796, 13.113192, 3.866325, 3.331280, 13.497954
6.238020, 6.199660, 13.458295, 6.032980, 7.107077, 13.825109
10.111207, 8.062231, 13.744820, 10.257770, 7.105085, 13.994600
3.965625, 11.618070, 14.615573, 3.713066, 12.561698, 14.829535
6.032980, 7.107077, 13.825109, 5.860738, 8.061625, 14.068361
1.277566, 0.973958, 13.702769, 1.703169, 0.069056, 13.706542
13.363635, 2.349313, 15.080600, 13.913337, 3.183910, 15.116324
4.605072, 13.709040, 15.100312, 5.373385, 14.347780, 15.141614
3.523612, 2.890957, 13.359701, 2.793520, 2.343098, 13.768134
4.552351, 3.948796, 13.113192, 5.452359, 3.597087, 13.370654
13.746269, 8.361018, 14.196920, 13.915494, 7.384508, 14.330300
3.965625, 11.618070, 14.615573, 3.599610, 12.384820, 15.142951
9.175691, 7.715977, 13.814944, 8.247529, 8.057023, 13.963955
13.397329, 9.777469, 14.454423, 14.083634, 10.468084, 14.682536
5.329858, 3.364172, 13.344919, 6.028355, 2.948507, 13.927435
13.915494, 7.384508, 14.330300, 14.031590, 6.558217, 14.881449
10.937599, 1.796128, 14.686788, 11.720221, 2.322164, 15.019639
10.111207, 8.062231, 13.744820, 9.410623, 8.696819, 14.071133
5.782739, 11.229063, 14.607633, 6.710680, 11.546701, 14.802647
10.744878, 1.476949, 14.703038, 11.538404, 0.869458, 14.738670
1.120032, 1.936753, 13.483203, 1.645120, 1.212740, 13.930516
10.257770, 7.105085, 13.994600, 10.491063, 6.348808, 14.605844
14.083634, 10.468084, 14.682536, 14.225115, 11.449645, 14.811075
8.836062, 9.499928, 14.061914, 8.487738, 10.381127, 14.381535
0.754840, 3.202486, 13.447960, 0.414326, 4.125977, 13.624640
1.983570, 4.009436, 13.653220, 1.926631, 5.007300, 13.685243
3.883905, 1.963953, 13.463881, 4.223391, 1.623981, 13.934566
9.631066, 8.933789, 13.844068, 9.844863, 9.890149, 14.043232
0.754840, 3.202486, 13.447960, 0.808690, 2.306792, 13.889358
9.844863, 9.890149, 14.043232, 9.608939, 10.801645, 14.380152
4.629711, 1.298902, 13.502339, 5.539680, 1.033913, 13.821303
9.608939, 10.801645, 14.380152, 9.629182, 11.794979, 14.493632
9.844863, 9.890149, 14.043232, 10.388379, 10.688735, 14.301787
4.552351, 3.948796, 13.113192, 5.359456, 4.340119, 13.555287
10.257770, 7.105085, 13.994600, 10.547260, 6.157477, 14.129635
3.976408, 6.384125, 13.975134, 3.762612, 6.445217, 13.033051
14.083634, 10.468084, 14.682536, 14.971427, 10.668608, 14.657032
13.915494, 7.384508, 14.330300, 13.909520, 6.386286, 14.389611
6.238020, 6.199660, 13.458295, 6.424849, 6.581775, 13.521900
10.537465, 0.499227, 14.735280, 9.633851, 0.071930, 14.765258
1.350954, 6.740690, 14.179713, 0.584367, 6.098571, 14.185044
5.581959, 1.160096, 13.774289, 6.527163, 0.839369, 13.835320
3.965625, 11.618070, 14.615573, 3.002168, 11.693939, 14.872467
7.051081, 1.954086, 14.073339, 7.965266, 2.357371, 14.113679
4.552351, 3.948796, 13.113192, 4.870412, 3.021387, 13.310040
4.552351, 3.948796, 13.113192, 4.076014, 3.233568, 13.624614
3.883905, 1.963953, 13.463881, 3.213590, 1.232700, 13.590161
11.672626, 7.464494, 14.003394, 12.396109, 7.413595, 14.691857
10.547260, 6.157477, 14.129635, 10.887540, 5.474413, 14.775881
8.647467, 8.944750, 14.024099, 7.916771, 9.599995, 14.215774
3.762612, 6.445217, 13.033051, 3.586796, 7.366329, 13.380387
6.198056, 12.124417, 14.768421, 6.161229, 13.047735, 15.150687
4.793722, 4.910553, 13.242666, 5.768168, 5.003897, 13.446972
13.746269, 8.361018, 14.196920, 14.737231, 8.318431, 14.324127
3.002168, 11.693939, 14.872467, 2.068933, 11.350552, 14.978095
10.111207, 8.062231, 13.744820, 10.252915, 8.878322, 14.305100
10.111207, 8.062231, 13.744820, 10.616797, 7.281594, 14.112220
10.937599, 1.796128, 14.686788, 11.854235, 1.434017, 14.856066
3.762612, 6.445217, 13.033051, 3.595030, 7.320122, 13.487428
9.629182, 11.794979, 14.493632, 10.599539, 12.036655, 14.493780
3.762612, 6.445217, 13.033051, 2.915082, 6.594324, 13.542424
8.836062, 9.499928, 14.061914, 8.543855, 10.298848, 14.587596
10.547260, 6.157477, 14.129635, 11.384220, 5.646637, 14.325952
4.552351, 3.948796, 13.113192, 5.253099, 3.643895, 13.758162
13.909520, 6.386286, 14.389611, 13.850492, 5.388243, 14.410234
10.599539, 12.036655, 14.493780, 11.203011, 11.772951, 14.514960
3.762612, 6.445217, 13.033051, 3.109244, 6.880525, 13.652421
9.844863, 9.890149, 14.043232, 9.871744, 10.887507, 14.110718
11.672626, 7.464494, 14.003394, 12.648967, 7.401720, 14.210318
12.648967, 7.401720, 14.210318, 12.709821, 8.033367, 14.502327
0.306937, 0.450051, 14.034142, 1.049038, 1.120253, 14.044909
3.965625, 11.618070, 14.615573, 3.547189, 12.330966, 15.178327
10.937599, 1.796128, 14.686788, 11.936765, 1.819555, 14.720248
9.871744, 10.887507, 14.110718, 8.905646, 10.629379, 14.115733
3.762612, 6.445217, 13.033051, 2.782325, 6.634559, 13.089513
2.782325, 6.634559, 13.089513, 2.120505, 7.193120, 13.589517
2.018627, 3.164770, 14.067889, 2.109472, 3.064297, 14.305965
11.936765, 1.819555, 14.720248, 12.734735, 1.289409, 15.006935
5.373385, 14.347780, 15.141614, 4.995986, 14.167611, 14.693184
4.995986, 14.167611, 14.693184, 4.451427, 14.638723, 15.387092
1.960892, 2.477904, 13.472733, 2.076051, 2.638583, 13.449225
4.995986, 14.167611, 14.693184, 4.602054, 13.500273, 15.325226
10.111207, 8.062231, 13.744820, 10.397406, 8.882048, 14.240794
7.711720, 4.716825, 14.378874, 7.856024, 4.349980, 13.907240
4.793722, 4.910553, 13.242666, 5.558792, 5.481528, 13.540417
1.350954, 6.740690, 14.179713, 0.848827, 6.735762, 13.982640
3.762612, 6.445217, 13.033051, 3.784711, 7.269066, 13.599430
3.762612, 6.445217, 13.033051, 2.895483, 6.281756, 13.503550
9.631066, 8.933789, 13.844068, 9.688153, 9.777078, 14.378489
6.527163, 0.839369, 13.835320, 7.358625, 0.834156, 14.390877
7.856024, 4.349980, 13.907240, 8.589630, 3.784398, 14.283986
6.424849, 6.581775, 13.521900, 7.210508, 6.961667, 14.010185
9.367175, 2.913115, 14.578758, 9.867470, 3.778953, 14.584101
11.846435, 8.894880, 14.001855, 12.179257, 9.679358, 14.525136
11.936765, 1.819555, 14.720248, 11.343790, 2.607131, 14.887895
4.552351, 3.948796, 13.113192, 3.887606, 3.628842, 13.788280
2.782325, 6.634559, 13.089513, 1.793627, 6.757482, 13.175335
3.762612, 6.445217, 13.033051, 3.714802, 7.203671, 13.683022
6.566446, 4.626339, 13.830229, 7.547773, 4.817657, 13.850124
9.636725, 13.906078, 15.451983, 9.904529, 14.869030, 15.483700
2.076051, 2.638583, 13.449225, 1.748720, 1.707311, 13.609183
5.782739, 11.229063, 14.607633, 5.023422, 11.877844, 14.657847
3.586796, 7.366329, 13.380387, 3.644450, 8.347157, 13.566534
6.238020, 6.199660, 13.458295, 7.227054, 6.322560, 13.540195
-0.270806, 7.690977, 14.245296, 0.151178, 8.597475, 14.259089
1.793627, 6.757482, 13.175335, 1.496924, 7.632143, 13.558655
9.636725, 13.906078, 15.451983, 10.510801, 13.420322, 15.457652
10.111207, 8.062231, 13.744820, 10.224328, 7.170969, 14.183974
4.629711, 1.298902, 13.502339, 5.471057, 1.064349, 13.989291
5.023422, 11.877844, 14.657847, 4.944394, 12.874296, 14.686773
4.995986, 14.167611, 14.693184, 5.565589, 14.452990, 14.298740
13.850492, 5.388243, 14.410234, 13.524086, 4.444612, 14.465193
10.111207, 8.062231, 13.744820, 9.620137, 8.866614, 14.079211
1.504963, 14.331161, 15.546257, 2.329690, 14.893730, 15.604054
11.538404, 0.869458, 14.738670, 12.054754, 0.092950, 15.099806
6.527163, 0.839369, 13.835320, 7.290337, 0.823972, 14.481330
14.083634, 10.468084, 14.682536, 13.931331, 10.615396, 14.597702
11.672626, 7.464494, 14.003394, 12.356557, 6.820780, 14.346715
3.965625, 11.618070, 14.615573, 3.280965, 12.272777, 14.935884
4.552351, 3.948796, 13.113192, 5.248012, 3.402422, 13.579595
2.782325, 6.634559, 13.089513, 2.712035, 7.497863, 13.589278
2.782325, 6.634559, 13.089513, 2.043768, 7.287467, 13.257575
13.524086, 4.444612, 14.465193, 13.316169, 3.708896, 15.109780
3.762612, 6.445217, 13.033051, 3.638665, 5.689991, 13.676691
1.120032, 1.936753, 13.483203, 0.371355, 1.765396, 14.123609
3.644450, 8.347157, 13.566534, 4.133646, 9.011071, 14.132135
6.267414, 9.804482, 14.619084, 6.906271, 10.573542, 14.639287
3.762612, 6.445217, 13.033051, 4.454906, 7.011699, 13.480071
3.523612, 2.890957, 13.359701, 3.115816, 2.048585, 13.711998
6.186066, 3.497339, 13.844093, 6.230467, 3.741988, 13.891074
7.227054, 6.322560, 13.540195, 8.140013, 6.015399, 13.808815
2.592771, 3.251232, 13.420841, 1.693914, 3.671095, 13.546420
3.109244, 6.880525, 13.652421, 2.934024, 7.056495, 13.378779
5.565589, 14.452990, 14.298740, 5.197829, 13.523914, 14.338372
5.768168, 5.003897, 13.446972, 6.724805, 4.843778, 13.690299
7.227054, 6.322560, 13.540195, 7.746210, 7.176345, 13.579269
9.844863, 9.890149, 14.043232, 9.946049, 10.884784, 14.064770
13.524086, 4.444612, 14.465193, 13.868610, 3.769601, 15.117621
12.827495, 8.750197, 14.130649, 13.251652, 9.610824, 14.412452
5.197829, 13.523914, 14.338372, 5.154881, 12.529206, 14.431706
11.936765, 1.819555, 14.720248, 12.626749, 1.400313, 15.310296
11.384220, 5.646637, 14.325952, 11.984488, 4.855819, 14.445478
11.846435, 8.894880, 14.001855, 12.352312, 9.731554, 14.211771
7.965266, 2.357371, 14.113679, 8.696746, 1.675704, 14.130060
1.793627, 6.757482, 13.175335, 0.887019, 6.356713, 13.307425
5.197829, 13.523914, 14.338372, 4.417221, 13.641565, 14.952220
11.433290, 9.185241, 14.042583, 11.236842, 8.205347, 14.077463
8.647467, 8.944750, 14.024099, 7.779163, 9.440758, 14.029132
9.175691, 7.715977, 13.814944, 8.955138, 8.683098, 13.941573
2.068933, 11.350552, 14.978095, 1.430505, 12.063488, 15.268149
9.946049, 10.884784, 14.064770, 10.362504, 11.766168, 14.287765
11.846435, 8.894880, 14.001855, 12.791441, 9.221177, 14.024083
13.477235, 0.477041, 15.103148, 14.379192, 0.096434, 15.307137
11.538404, 0.869458, 14.738670, 11.568723, 0.570069, 14.350842
4.629711, 1.298902, 13.502339, 4.903618, 1.145732, 13.571394
5.197829, 13.523914, 14.338372, 5.798053, 12.751863, 14.547338
2.782325, 6.634559, 13.089513, 2.356282, 5.955070, 13.686825
1.277566, 0.973958, 13.702769, 0.573006, 0.269238, 13.786223
8.696746, 1.675704, 14.130060, 9.151063, 0.806100, 14.323410
2.043768, 7.287467, 13.257575, 1.769225, 8.181293, 13.612119
8.247529, 8.057023, 13.963955, 8.215595, 8.443199, 13.845589
4.629711, 1.298902, 13.502339, 5.019247, 0.446058, 13.850075
10.362504, 11.766168, 14.287765, 10.775567, 12.607768, 14.635741
3.644450, 8.347157, 13.566534, 4.046076, 9.216743, 13.853791
4.629711, 1.298902, 13.502339, 3.905462, 0.644931, 13.720940
2.782325, 6.634559, 13.089513, 2.889772, 7.552436, 13.471558
9.631066, 8.933789, 13.844068, 10.568005, 9.279187, 13.897426
12.791441, 9.221177, 14.024083, 12.017801, 9.852399, 14.079229
6.724805, 4.843778, 13.690299, 7.001597, 3.883324, 13.720535
13.850492, 5.388243, 14.410234, 14.688601, 4.895591, 14.644475
5.197829, 13.523914, 14.338372, 4.613369, 13.061267, 15.004978
4.552351, 3.948796, 13.113192, 3.927205, 3.512232, 13.760187
5.565589, 14.452990, 14.298740, 6.304257, 14.547636, 14.966133
13.850492, 5.388243, 14.410234, 14.155624, 4.436817, 14.451262
4.046076, 9.216743, 13.853791, 5.018034, 8.981819, 13.864227
12.017801, 9.852399, 14.079229, 12.068181, 10.755706, 14.505257
2.120505, 7.193120, 13.589517, 1.797861, 7.292844, 13.579793
11.984488, 4.855819, 14.445478, 12.809973, 4.321569, 14.627555
8.905646, 10.629379, 14.115733, 8.278781, 11.408264, 14.135179
11.538404, 0.869458, 14.738670, 11.777482, 0.957287, 14.985641
10.547260, 6.157477, 14.129635, 11.190740, 5.581443, 14.633737
12.017801, 9.852399, 14.079229, 12.656391, 10.597898, 14.270108
8.696746, 1.675704, 14.130060, 9.467956, 1.874061, 14.734949
8.667912, 13.672381, 15.369601, 7.856168, 14.256212, 15.384177
10.362504, 11.766168, 14.287765, 10.594779, 12.736002, 14.361718
2.043768, 7.287467, 13.257575, 1.838726, 8.151405, 13.717541
3.762612, 6.445217, 13.033051, 3.376566, 7.272868, 13.440437
3.762612, 6.445217, 13.033051, 3.213074, 5.617263, 13.144856
4.552351, 3.948796, 13.113192, 5.525375, 3.931055, 13.343211
7.001597, 3.883324, 13.720535, 7.811561, 3.510614, 14.173356
5.197829, 13.523914, 14.338372, 4.250102, 13.457465, 14.650459
3.762612, 6.445217, 13.033051, 3.463390, 5.554689, 13.375726
2.592771, 3.251232, 13.420841, 1.661791, 3.488567, 13.698236
8.278781, 11.408264, 14.135179, 8.178911, 12.321262, 14.530728
3.523612, 2.890957, 13.359701, 2.930049, 3.695411, 13.382851
7.856024, 4.349980, 13.907240, 8.833969, 4.316274, 14.113365
11.672626, 7.464494, 14.003394, 12.400535, 7.424685, 14.687911
3.644450, 8.347157, 13.566534, 3.304798, 9.235373, 13.875904
11.568723, 0.570069, 14.350842, 11.493838, 1.561565, 14.457272
3.304798, 9.235373, 13.875904, 3.224701, 10.232114, 13.885515
8.278781, 11.408264, 14.135179, 7.600555, 12.141095, 14.189668
11.568723, 0.570069, 14.350842, 12.224906, 1.037282, 14.943408
4.552351, 3.948796, 13.113192, 3.622684, 3.782567, 13.441958
9.946049, 10.884784, 14.064770, 9.334023, 11.554097, 14.486011
11.568723, 0.570069, 14.350842, 12.519320, 0.342811, 14.562307
9.844863, 9.890149, 14.043232, 10.566917, 10.581554, 14.067625
2.782325, 6.634559, 13.089513, 2.740417, 7.546393, 13.497928
3.002168, 11.693939, 14.872467, 2.988322, 11.703974, 14.647357
3.224701, 10.232114, 13.885515, 3.338406, 11.225517, 13.900344
0.754840, 3.202486, 13.447960, 1.405315, 3.959241, 13.512793
11.568723, 0.570069, 14.350842, 11.715956, 1.558408, 14.389675
13.850492, 5.388243, 14.410234, 13.714786, 4.682118, 15.105197
5.197829, 13.523914, 14.338372, 4.199196, 13.480955, 14.368147
7.600555, 12.141095, 14.189668, 8.553529, 12.442960, 14.216495
1.793627, 6.757482, 13.175335, 1.135117, 7.481961, 13.379035
2.988322, 11.703974, 14.647357, 2.481588, 12.565902, 14.664673
1.793627, 6.757482, 13.175335, 1.445985, 7.648499, 13.467281
2.782325, 6.634559, 13.089513, 2.830848, 7.478182, 13.624252
1.135117, 7.481961, 13.379035, 0.901717, 8.407239, 13.678008
10.111207, 8.062231, 13.744820, 10.611650, 7.232929, 13.993445
6.238020, 6.199660, 13.458295, 7.063730, 6.762791, 13.491255
7.779163, 9.440758, 14.029132, 7.147355, 10.208938, 14.132653
4.552351, 3.948796, 13.113192, 3.579879, 3.871438, 13.332994
0.785574, 5.164980, 14.548374, 0.637143, 4.872071, 14.524852
7.001597, 3.883324, 13.720535, 7.549959, 3.050768, 13.798958
7.227054, 6.322560, 13.540195, 7.920184, 5.617866, 13.691779
3.762612, 6.445217, 13.033051, 4.494945, 6.442226, 13.713991
12.791441, 9.221177, 14.024083, 11.901434, 9.673126, 14.084334
12.791441, 9.221177, 14.024083, 13.737647, 9.425351, 14.275095
4.676179, 4.821169, 14.707103, 5.215746, 4.825342, 14.722467
10.566917, 10.581554, 14.067625, 11.358765, 11.118626, 14.358370
5.525375, 3.931055, 13.343211, 6.319521, 3.784470, 13.932995
2.782325, 6.634559, 13.089513, 2.374048, 7.493703, 13.398026
9.175691, 7.715977, 13.814944, 9.923810, 8.377040, 13.872511
9.151063, 0.806100, 14.323410, 8.275425, 0.323170, 14.329537
3.762612, 6.445217, 13.033051, 3.757505, 7.314452, 13.527425
11.568723, 0.570069, 14.350842, 12.260833, 1.282001, 14.469737
10.594779, 12.736002, 14.361718, 11.421758, 13.044351, 14.831853
7.600555, 12.141095, 14.189668, 7.705511, 13.135568, 14.192506
14.155624, 4.436817, 14.451262, 14.379280, 3.607001, 14.962518
14.379192, 0.096434, 15.307137, 14.225086, 0.145624, 14.808882
3.762612, 6.445217, 13.033051, 4.386065, 7.065553, 13.508961
7.147355, 10.208938, 14.132653, 7.306483, 11.194069, 14.197416
11.672626, 7.464494, 14.003394, 12.049805, 6.673954, 14.485868
7.705511, 13.135568, 14.192506, 8.273018, 13.824502, 14.643400
6.123112, 2.896557, 13.734900, 6.541543, 2.650331, 13.522026
9.904529, 14.869030, 15.483700, 9.099741, 14.275484, 15.488189
3.338406, 11.225517, 13.900344, 4.106057, 11.866349, 13.907226
7.001597, 3.883324, 13.720535, 7.823929, 4.450228, 13.769426
6.230467, 3.741988, 13.891074, 6.117666, 3.857152, 13.828776
9.367175, 2.913115, 14.578758, 9.375556, 3.082239, 13.974401
10.111207, 8.062231, 13.744820, 9.253503, 8.524770, 13.969323
11.568723, 0.570069, 14.350842, 12.385833, 0.760926, 14.894813
7.705511, 13.135568, 14.192506, 8.208553, 13.976505, 14.391937
10.111207, 8.062231, 13.744820, 10.850506, 7.437438, 13.995958
2.481588, 12.565902, 14.664673, 1.584540, 12.988935, 14.792539
13.746269, 8.361018, 14.196920, 14.331009, 7.561548, 14.334496
12.656391, 10.597898, 14.270108, 13.160007, 11.390032, 14.614921
11.384220, 5.646637, 14.325952, 11.225583, 4.663715, 14.419221
7.147355, 10.208938, 14.132653, 6.886477, 10.666778, 13.785200
4.552351, 3.948796, 13.113192, 5.142230, 4.503489, 13.700012
5.565589, 14.452990, 14.298740, 4.599923, 14.203597, 14.371481
11.358765, 11.118626, 14.358370, 11.982487, 11.898801, 14.406295
14.155624, 4.436817, 14.451262, 15.015642, 4.936875, 14.552810
6.541543, 2.650331, 13.522026, 6.922700, 1.942537, 14.116792
6.527163, 0.839369, 13.835320, 7.507790, 0.720650, 13.991127
4.106057, 11.866349, 13.907226, 3.515775, 12.591077, 14.262665
6.886477, 10.666778, 13.785200, 7.815207, 10.306342, 13.872061
3.523612, 2.890957, 13.359701, 2.862278, 2.219877, 13.694800
2.043768, 7.287467, 13.257575, 1.442258, 8.085012, 13.303464
4.106057, 11.866349, 13.907226, 3.435159, 12.601998, 14.000593
12.791441, 9.221177, 14.024083, 13.738497, 9.366133, 14.310566
9.631066, 8.933789, 13.844068, 10.625439, 9.031258, 13.885573
6.527163, 0.839369, 13.835320, 6.725926, 0.419773, 13.719893
7.145033, 8.515631, 15.136204, 7.022582, 8.825091, 14.331885
1.018199, 10.670815, 15.579245, 0.181940, 11.218805, 15.598658
4.552351, 3.948796, 13.113192, 5.543328, 4.021310, 13.225918
0.887019, 6.356713, 13.307425, 0.049862, 6.902625, 13.341295
3.762612, 6.445217, 13.033051, 4.362969, 7.113630, 13.472136
1.442258, 8.085012, 13.303464, 1.339243, 8.877975, 13.903962
10.566917, 10.581554, 14.067625, 10.670412, 11.574531, 14.124959
2.782325, 6.634559, 13.089513, 2.086630, 6.024556, 13.468860
12.791441, 9.221177, 14.024083, 12.879623, 10.169312, 14.329474
9.375556, 3.082239, 13.974401, 10.127459, 2.484167, 14.251804
7.815207, 10.306342, 13.872061, 8.380762, 9.482231, 13.903519
4.629711, 1.298902, 13.502339, 5.286872, 0.963957, 14.177581
1.120032, 1.936753, 13.483203, 0.593585, 1.111836, 13.689034
10.111207, 8.062231, 13.744820, 10.429341, 7.382849, 14.406054
14.331009, 7.561548, 14.334496, 14.958779, 6.783301, 14.349863
1.684329, 2.833705, 13.440948, 0.778149, 2.435632, 13.583688
11.984488, 4.855819, 14.445478, 11.795099, 4.494986, 14.207932
1.684329, 2.833705, 13.440948, 1.214463, 1.953339, 13.505607
7.600555, 12.141095, 14.189668, 7.333376, 13.104650, 14.202956
13.909520, 6.386286, 14.389611, 14.271091, 5.487481, 14.637433
10.111207, 8.062231, 13.744820, 10.308488, 7.256718, 14.303594
10.111207, 8.062231, 13.744820, 10.485436, 7.297623, 14.269535
3.523612, 2.890957, 13.359701, 3.242258, 1.937946, 13.472001
4.552351, 3.948796, 13.113192, 4.342508, 3.217646, 13.762334
1.684329, 2.833705, 13.440948, 1.224815, 3.577678, 13.926078
8.208553, 13.976505, 14.391937, 9.073822, 14.438394, 14.586795
8.696746, 1.675704, 14.130060, 9.440271, 1.010781, 14.201102
3.762612, 6.445217, 13.033051, 3.899041, 7.424299, 13.183999
2.120917, 7.965244, 14.285182, 1.649153, 7.788987, 14.133042
9.074139, 6.815550, 14.237931, 8.760723, 7.017133, 13.527046
9.375556, 3.082239, 13.974401, 10.242404, 2.811017, 14.392748
11.982487, 11.898801, 14.406295, 12.491081, 12.756989, 14.475913
1.120032, 1.936753, 13.483203, 0.880778, 2.029621, 12.736730
9.878108, 6.079970, 14.962623, 9.742281, 6.013889, 14.706165
11.795099, 4.494986, 14.207932, 12.413288, 3.919591, 14.743436
6.886477, 10.666778, 13.785200, 6.946938, 11.557428, 14.235850
1.703169, 0.069056, 13.706542, 2.451775, 0.732058, 13.710814
9.375556, 3.082239, 13.974401, 10.017227, 2.392836, 14.310529
8.905646, 10.629379, 14.115733, 9.615289, 11.333851, 14.127014
7.063730, 6.762791, 13.491255, 7.785935, 6.750324, 14.182821
11.984488, 4.855819, 14.445478, 12.254181, 4.809759, 13.986704
4.629711, 1.298902, 13.502339, 5.340018, 0.630960, 13.724416
5.782739, 11.229063, 14.607633, 5.256893, 11.026013, 14.583460
6.886477, 10.666778, 13.785200, 7.598878, 10.280972, 14.371407
10.127459, 2.484167, 14.251804, 10.866392, 1.810394, 14.254517
14.155624, 4.436817, 14.451262, 14.642309, 4.289636, 14.106020
3.644450, 8.347157, 13.566534, 2.803222, 8.887780, 13.574422
0.880778, 2.029621, 12.736730, 0.512541, 1.198340, 13.153111
3.435159, 12.601998, 14.000593, 2.540075, 13.029800, 14.126329
14.958779, 6.783301, 14.349863, 14.921705, 6.610938, 14.610106
1.442258, 8.085012, 13.303464, 1.351338, 8.820093, 13.975320
7.549959, 3.050768, 13.798958, 8.101325, 2.217417, 13.837952
6.886477, 10.666778, 13.785200, 7.794969, 10.370780, 14.080204
8.760723, 7.017133, 13.527046, 9.416866, 6.279093, 13.684441
6.541543, 2.650331, 13.522026, 7.287889, 3.315708, 13.537473
8.760723, 7.017133, 13.527046, 8.479546, 6.114615, 13.853238
3.762612, 6.445217, 13.033051, 4.718582, 6.662748, 13.230032
3.899041, 7.424299, 13.183999, 3.915186, 7.785056, 12.518054
3.915186, 7.785056, 12.518054, 3.531869, 8.707263, 12.569062
3.883905, 1.963953, 13.463881, 3.127099, 1.310394, 13.474158
12.791441, 9.221177, 14.024083, 13.770106, 9.232767, 14.229218
5.444462, 3.967938, 13.564602, 5.752779, 3.801673, 13.667944
12.254181, 4.809759, 13.986704, 11.476732, 4.213429, 14.186613
8.553529, 12.442960, 14.216495, 8.091434, 12.567943, 13.906600
14.642309, 4.289636, 14.106020, 13.921115, 3.676663, 14.428731
5.197829, 13.523914, 14.338372, 5.769023, 13.449370, 13.698299
10.866392, 1.810394, 14.254517, 11.657743, 2.351966, 14.538177
8.760723, 7.017133, 13.527046, 9.019369, 6.344495, 14.220343
1.442258, 8.085012, 13.303464, 1.020518, 8.991349, 13.329698
9.073822, 14.438394, 14.586795, 8.520504, 14.847993, 14.942482
5.769023, 13.449370, 13.698299, 6.752867, 13.627417, 13.717063
4.076014, 3.233568, 13.624614, 4.261690, 3.051036, 13.421391
0.880778, 2.029621, 12.736730, 1.690570, 1.916432, 13.312426
5.543328, 4.021310, 13.225918, 6.392295, 4.073917, 13.751738
12.491081, 12.756989, 14.475913, 13.422681, 13.082727, 14.637209
14.642309, 4.289636, 14.106020, 14.539048, 3.439388, 14.622174
0.880778, 2.029621, 12.736730, 1.211368, 2.973393, 12.738961
11.982487, 11.898801, 14.406295, 12.907722, 11.520467, 14.434612
12.254181, 4.809759, 13.986704, 12.383449, 3.819696, 14.042059
8.101325, 2.217417, 13.837952, 8.610440, 1.420281, 14.162569
9.416866, 6.279093, 13.684441, 9.796926, 5.363296, 13.814326
8.760723, 7.017133, 13.527046, 8.453817, 7.967404, 13.579895
7.287889, 3.315708, 13.537473, 8.076517, 2.963613, 14.041553
10.568005, 9.279187, 13.897426, 10.793548, 10.224321, 14.133756
12.791441, 9.221177, 14.024083, 13.564327, 8.694360, 14.377792
3.915186, 7.785056, 12.518054, 4.894042, 7.930876, 12.661501
9.631066, 8.933789, 13.844068, 10.121750, 9.803809, 13.891973
4.894042, 7.930876, 12.661501, 5.796562, 7.529822, 12.818392
4.552351, 3.948796, 13.113192, 3.767474, 4.568228, 13.129654
13.422681, 13.082727, 14.637209, 14.375093, 13.385714, 14.670552
3.915186, 7.785056, 12.518054, 4.635175, 8.152053, 13.107061
14.642309, 4.289636, 14.106020, 14.414498, 3.320577, 14.201027
9.615289, 11.333851, 14.127014, 9.513139, 12.328146, 14.157732
